date,detected,detected_cum
2020-12-25,142,7994
2020-12-26,160,8154
2020-12-27,137,8291
2020-12-28,142,8433
2020-12-29,151,8584
2020-12-30,189,8773
2020-12-31,190,8963
2021-01-01,158,9121
2021-01-02,124,9245
2021-01-03,104,9349
2021-01-04,128,9477
2021-01-05,187,9664
2021-01-06,314,9978
2021-01-07,386,10364
2021-01-08,369,10733
2021-01-09,326,11059
2021-01-10,283,11342
2021-01-11,212,11554
2021-01-12,199,11753
2021-01-13,251,12004
2021-01-14,341,12345
2021-01-15,361,12706
2021-01-16,411,13117
2021-01-17,300,13417
2021-01-18,204,13621
2021-01-19,200,13821
2021-01-20,277,14098
2021-01-21,285,14383
2021-01-22,235,14618
2021-01-23,214,14832
2021-01-24,224,15056
2021-01-25,154,15210
2021-01-26,155,15365
2021-01-27,185,15550
2021-01-28,185,15735
2021-01-29,159,15894
2021-01-30,153,16047
2021-01-31,127,16174
2021-02-01,63,16237
2021-02-02,77,16314
2021-02-03,118,16432
2021-02-04,120,16552
2021-02-05,91,16643
2021-02-06,99,16742
2021-02-07,93,16835
2021-02-08,57,16892
2021-02-09,71,16963
2021-02-10,103,17066
2021-02-11,110,17176
2021-02-12,87,17263
2021-02-13,64,17327
2021-02-14,69,17396
2021-02-15,46,17442
2021-02-16,48,17490
2021-02-17,65,17555
2021-02-18,101,17656
2021-02-19,60,17716
2021-02-20,71,17787
2021-02-21,32,17819
2021-02-22,26,17845
2021-02-23,45,17890
2021-02-24,26,17916
2021-02-25,39,17955
2021-02-26,52,18007
2021-02-27,31,18038
2021-02-28,23,18061
2021-03-01,17,18078
2021-03-02,19,18097
2021-03-03,37,18134
2021-03-04,37,18171
2021-03-05,25,18196
2021-03-06,29,18225
2021-03-07,34,18259
2021-03-08,15,18274
2021-03-09,34,18308
2021-03-10,49,18357
2021-03-11,31,18388
2021-03-12,43,18431
2021-03-13,41,18472
2021-03-14,38,18510
2021-03-15,13,18523
2021-03-16,28,18551
2021-03-17,42,18593
2021-03-18,45,18638
2021-03-19,40,18678
2021-03-20,38,18716
2021-03-21,34,18750
2021-03-22,15,18765
2021-03-23,36,18801
2021-03-24,24,18825
2021-03-25,28,18853
2021-03-26,28,18881
2021-03-27,38,18919
2021-03-28,23,18942
2021-03-29,13,18955
2021-03-30,30,18985
2021-03-31,29,19014
2021-04-01,27,19041
2021-04-02,39,19080
2021-04-03,39,19119
2021-04-04,27,19146
2021-04-05,14,19160
2021-04-06,51,19211
2021-04-07,41,19252
2021-04-08,48,19300
2021-04-09,54,19354
2021-04-10,80,19434
2021-04-11,52,19486
2021-04-12,34,19520
2021-04-13,72,19592
2021-04-14,156,19748
2021-04-15,109,19857
2021-04-16,137,19994
2021-04-17,136,20130
2021-04-18,110,20240
2021-04-19,118,20358
2021-04-20,151,20509
2021-04-21,244,20753
2021-04-22,268,21021
2021-04-23,239,21260
2021-04-24,320,21580
2021-04-25,333,21913
2021-04-26,154,22067
2021-04-27,275,22342
2021-04-28,439,22781
2021-04-29,336,23117
2021-04-30,305,23422
2021-05-01,352,23774
2021-05-02,416,24190
2021-05-03,285,24475
2021-05-04,239,24714
2021-05-05,337,25051
2021-05-06,259,25310
2021-05-07,469,25779
2021-05-08,518,26297
2021-05-09,529,26826
2021-05-10,372,27198
2021-05-11,403,27601
2021-05-12,634,28235
2021-05-13,502,28737
2021-05-14,472,29209
2021-05-15,521,29730
2021-05-16,504,30234
2021-05-17,281,30515
2021-05-18,345,30860
2021-05-19,499,31359
2021-05-20,399,31758
2021-05-21,386,32144
2021-05-22,310,32454
2021-05-23,260,32714
2021-05-24,195,32909
2021-05-25,198,33107
2021-05-26,211,33318
2021-05-27,178,33496
2021-05-28,192,33688
2021-05-29,189,33877
2021-05-30,152,34029
2021-05-31,65,34094
2021-06-01,81,34175
2021-06-02,116,34291
2021-06-03,101,34392
2021-06-04,79,34471
2021-06-05,85,34556
2021-06-06,79,34635
2021-06-07,27,34662
2021-06-08,57,34719
2021-06-09,66,34785
2021-06-10,42,34827
2021-06-11,58,34885
2021-06-12,47,34932
2021-06-13,36,34968
2021-06-14,23,34991
2021-06-15,35,35026
2021-06-16,40,35066
2021-06-17,41,35107
2021-06-18,26,35133
2021-06-19,47,35180
2021-06-20,36,35216
2021-06-21,17,35233
2021-06-22,36,35269
2021-06-23,32,35301
2021-06-24,36,35337
2021-06-25,37,35374
2021-06-26,40,35414
2021-06-27,25,35439
2021-06-28,17,35456
2021-06-29,26,35482
2021-06-30,43,35525
2021-07-01,26,35551
2021-07-02,24,35575
2021-07-03,35,35610
2021-07-04,28,35638
2021-07-05,16,35654
2021-07-06,43,35697
2021-07-07,43,35740
2021-07-08,41,35781
2021-07-09,60,35841
2021-07-10,54,35895
2021-07-11,35,35930
2021-07-12,44,35974
2021-07-13,50,36024
2021-07-14,94,36118
2021-07-15,70,36188
2021-07-16,58,36246
2021-07-17,60,36306
2021-07-18,79,36385
2021-07-19,46,36431
2021-07-20,91,36522
2021-07-21,136,36658
2021-07-22,138,36796
2021-07-23,152,36948
2021-07-24,99,37047
2021-07-25,162,37209
2021-07-26,172,37381
2021-07-27,236,37617
2021-07-28,405,38022
2021-07-29,366,38388
2021-07-30,478,38866
2021-07-31,504,39370
2021-08-01,434,39804
2021-08-02,358,40162
2021-08-03,510,40672
2021-08-04,752,41424
2021-08-05,718,42142
2021-08-06,838,42980
2021-08-07,742,43722
2021-08-08,700,44422
2021-08-09,624,45046
2021-08-10,457,45503
2021-08-11,735,46238
2021-08-12,1040,47278
2021-08-13,951,48229
2021-08-14,889,49118
2021-08-15,680,49798
2021-08-16,683,50481
2021-08-17,715,51196
2021-08-18,1253,52449
2021-08-19,1134,53583
2021-08-20,1195,54778
2021-08-21,1070,55848
2021-08-22,1143,56991
2021-08-23,895,57886
2021-08-24,877,58763
2021-08-25,1092,59855
2021-08-26,991,60846
2021-08-27,996,61842
2021-08-28,953,62795
2021-08-29,956,63751
2021-08-30,626,64377
2021-08-31,685,65062
2021-09-01,1015,66077
2021-09-02,793,66870
2021-09-03,732,67602
2021-09-04,641,68243
2021-09-05,588,68831
2021-09-06,420,69251
2021-09-07,424,69675
2021-09-08,572,70247
2021-09-09,429,70676
2021-09-10,438,71114
2021-09-11,376,71490
2021-09-12,292,71782
2021-09-13,158,71940
2021-09-14,209,72149
2021-09-15,248,72397
2021-09-16,233,72630
2021-09-17,161,72791
2021-09-18,165,72956
2021-09-19,132,73088
2021-09-20,75,73163
2021-09-21,75,73238
2021-09-22,96,73334
2021-09-23,123,73457
2021-09-24,125,73582
2021-09-25,65,73647
2021-09-26,104,73751
2021-09-27,39,73790
2021-09-28,43,73833
2021-09-29,43,73876
2021-09-30,35,73911
2021-10-01,40,73951
2021-10-02,38,73989
2021-10-03,45,74034
2021-10-04,19,74053
2021-10-05,21,74074
2021-10-06,26,74100
2021-10-07,15,74115
2021-10-08,15,74130
2021-10-09,30,74161
2021-10-10,18,74179
2021-10-11,17,74195
2021-10-12,13,74209
2021-10-13,22,74230
2021-10-14,25,74255
2021-10-15,16,74271
2021-10-16,21,74292
2021-10-17,14,74306
2021-10-18,8,74314
2021-10-19,10,74324
2021-10-20,15,74339
2021-10-21,11,74350
2021-10-22,8,74358
2021-10-23,8,74366
2021-10-24,4,74370
2021-10-25,7,74378
2021-10-26,1,74378
2021-10-27,9,74387
2021-10-28,5,74392
2021-10-29,12,74404
2021-10-30,16,74420
2021-10-31,10,74430
2021-11-01,6,74436
2021-11-02,5,74441
2021-11-03,5,74446
2021-11-04,9,74455
2021-11-05,6,74461
2021-11-06,6,74467
2021-11-07,1,74468
2021-11-08,2,74470
2021-11-09,4,74474
2021-11-10,7,74481
2021-11-11,2,74483
2021-11-12,10,74493
2021-11-13,5,74498
2021-11-14,8,74506
2021-11-15,4,74510
2021-11-16,5,74515
2021-11-17,10,74525
2021-11-18,9,74534
2021-11-19,8,74542
2021-11-20,18,74560
2021-11-21,7,74567
2021-11-22,1,74568
2021-11-23,12,74580
2021-11-24,3,74583
2021-11-25,11,74594
2021-11-26,3,74597
2021-11-27,7,74604
2021-11-28,3,74607
2021-11-29,2,74609
2021-11-30,2,74611
2021-12-01,7,74618
2021-12-02,10,74628
2021-12-03,8,74636
2021-12-04,9,74645
2021-12-05,4,74649
2021-12-06,1,74650
2021-12-07,1,74651
2021-12-08,4,74655
2021-12-09,6,74661
2021-12-10,3,74664
2021-12-11,2,74666
2021-12-12,2,74668
2021-12-13,8,74676
2021-12-14,1,74677
2021-12-15,1,74678
2021-12-16,5,74683
2021-12-17,0,74683
2021-12-18,3,74686
2021-12-19,2,74688
2021-12-20,3,74691
2021-12-21,11,74702
2021-12-22,11,74713
2021-12-23,19,74732
2021-12-24,19,74751
2021-12-25,10,74761
2021-12-26,4,74765
2021-12-27,2,74767
2021-12-28,7,74774
2021-12-29,8,74782
2021-12-30,3,74785
2021-12-31,3,74788
2022-01-01,18,74806
2022-01-02,7,74813
2022-01-03,10,74823
2022-01-04,19,74842
2022-01-05,46,74888
2022-01-06,80,74968
2022-01-07,135,75103
2022-01-08,229,75332
2022-01-09,211,75543
2022-01-10,212,75755
2022-01-11,148,75903
2022-01-12,406,76309
2022-01-13,698,77007
2022-01-14,799,77806
2022-01-15,1098,78904
2022-01-16,1290,80194
2022-01-17,950,81144
2022-01-18,1338,82482
2022-01-19,2207,84689
2022-01-20,2223,86912
2022-01-21,2661,89573
2022-01-22,2829,92402
2022-01-23,2642,95044
2022-01-24,2013,97057
2022-01-25,3385,100442
2022-01-26,3609,104051
2022-01-27,3948,107999
2022-01-28,3863,111862
2022-01-29,4944,116806
2022-01-30,4338,121144
2022-01-31,2912,124056
2022-02-01,4503,128559
2022-02-02,5039,133598
2022-02-03,5266,138864
2022-02-04,5110,143974
2022-02-05,5599,149573
2022-02-06,3941,153514
2022-02-07,3191,156705
2022-02-08,4810,161515
2022-02-09,4999,166514
2022-02-10,4656,171170
2022-02-11,4839,176009
2022-02-12,3455,179464
2022-02-13,4110,183574
2022-02-14,2968,186542
2022-02-15,3882,190424
2022-02-16,4238,194662
2022-02-17,4330,198992
2022-02-18,3737,202729
2022-02-19,3454,206183
2022-02-20,3189,209372
2022-02-21,2439,211811
2022-02-22,3015,214826
2022-02-23,3510,218336
2022-02-24,2666,221002
2022-02-25,3340,224342
2022-02-26,3393,227735
2022-02-27,2885,230620
2022-02-28,2427,233047
2022-03-01,2610,235657
2022-03-02,3073,238730
2022-03-03,3035,241765
2022-03-04,3048,244813
2022-03-05,2654,247467
2022-03-06,2391,249858
2022-03-07,1758,251616
2022-03-08,2305,253921
2022-03-09,2816,256737
2022-03-10,2874,259611
2022-03-11,2668,262279
2022-03-12,2521,264800
2022-03-13,2129,266929
2022-03-14,1687,268616
2022-03-15,1923,270539
2022-03-16,2473,273012
2022-03-17,2472,275484
2022-03-18,2145,277629
2022-03-19,1967,279596
2022-03-20,1761,281357
2022-03-21,1191,282548
2022-03-22,770,283318
2022-03-23,1695,285013
2022-03-24,2318,287331
2022-03-25,2172,289503
2022-03-26,2277,291780
2022-03-27,1941,293721
2022-03-28,1504,295225
2022-03-29,1869,297094
2022-03-30,2465,299559
2022-03-31,2586,302145
2022-04-01,2482,304627
2022-04-02,2325,306952
2022-04-03,2091,309043
2022-04-04,1561,310604
2022-04-05,1989,312593
2022-04-06,2701,315294
2022-04-07,2646,317940
2022-04-08,2876,320816
2022-04-09,2732,323548
2022-04-10,2374,325922
2022-04-11,1630,327552
2022-04-12,2319,329871
2022-04-13,2923,332794
2022-04-14,2754,335548
2022-04-15,2576,338124
2022-04-16,2382,340506
2022-04-17,1995,342501
2022-04-18,1405,343906
2022-04-19,2098,346004
2022-04-20,2415,348419
2022-04-21,2493,350912
2022-04-22,2464,353376
2022-04-23,2552,355928
2022-04-24,2099,358027
2022-04-25,1542,359569
2022-04-26,2216,361785
2022-04-27,2562,364347
2022-04-28,2376,366723
2022-04-29,2298,369021
2022-04-30,1622,370643
2022-05-01,1575,372218
2022-05-02,1145,373363
2022-05-03,1856,375219
2022-05-04,1557,376776
2022-05-05,1372,378148
2022-05-06,1180,379328
2022-05-07,2209,381537
2022-05-08,2375,383912
2022-05-09,1919,385831
2022-05-10,2250,388081
2022-05-11,2401,390482
2022-05-12,2423,392905
2022-05-13,2198,395103
2022-05-14,2114,397217
2022-05-15,1860,399077
2022-05-16,1209,400286
2022-05-17,1792,402078
2022-05-18,2204,404282
2022-05-19,2269,406551
2022-05-20,2287,408838
2022-05-21,2003,410841
2022-05-22,1800,412641
2022-05-23,1240,413881
2022-05-24,1483,415364
2022-05-25,1934,417298
2022-05-26,1736,419034
2022-05-27,1648,420682
2022-05-28,1484,422166
2022-05-29,1161,423327
2022-05-29,1160,423326
2022-05-30,799,424125
2022-05-31,1048,425173
2022-06-01,1129,426302
